# Camera list with one line of data per camera:
#   CAMERA_ID, MODEL, WIDTH, HEIGHT, PARAMS[]
# Number of cameras: 125
1 SIMPLE_RADIAL 1280 720 334.01523307976282 640 360 -0.023972178961265776
2 SIMPLE_RADIAL 1280 720 337.76577312634777 640 360 -0.024730552015332898
3 SIMPLE_RADIAL 1280 720 346.31315960679433 640 360 -0.027321121559877995
4 SIMPLE_RADIAL 1280 720 352.35039642836148 640 360 -0.029697449635569258
5 SIMPLE_RADIAL 1280 720 356.34087812236908 640 360 -0.031318619511582609
6 SIMPLE_RADIAL 1280 720 359.08906971251662 640 360 -0.032785205431136458
7 SIMPLE_RADIAL 1280 720 360.76683332750713 640 360 -0.033642812754742103
8 SIMPLE_RADIAL 1280 720 359.56245401037927 640 360 -0.033642640002368336
9 SIMPLE_RADIAL 1280 720 359.06342859897319 640 360 -0.033948908390996825
10 SIMPLE_RADIAL 1280 720 359.58360307743129 640 360 -0.034769032376531908
11 SIMPLE_RADIAL 1280 720 359.38563843812182 640 360 -0.035662300447054422
12 SIMPLE_RADIAL 1280 720 359.76633953089976 640 360 -0.036703338817883048
13 SIMPLE_RADIAL 1280 720 360.74272470317908 640 360 -0.037767017299792024
14 SIMPLE_RADIAL 1280 720 361.98472045609924 640 360 -0.038825750185460549
15 SIMPLE_RADIAL 1280 720 363.66855752287898 640 360 -0.039850795789897898
16 SIMPLE_RADIAL 1280 720 364.59704007501739 640 360 -0.040772185938024536
17 SIMPLE_RADIAL 1280 720 365.8071405106009 640 360 -0.041840920544307547
18 SIMPLE_RADIAL 1280 720 366.43315610489395 640 360 -0.042220167422320244
19 SIMPLE_RADIAL 1280 720 367.91501715688429 640 360 -0.043726027009604665
20 SIMPLE_RADIAL 1280 720 368.17016758719001 640 360 -0.044330781199236523
21 SIMPLE_RADIAL 1280 720 375.44454966979623 640 360 -0.047133813229716784
22 SIMPLE_RADIAL 1280 720 398.89639273344483 640 360 -0.051663048033136559
23 SIMPLE_RADIAL 1280 720 412.56538031765416 640 360 -0.054254038618693386
24 SIMPLE_RADIAL 1280 720 422.79991397365285 640 360 -0.055673296418902882
25 SIMPLE_RADIAL 1280 720 431.38700091753532 640 360 -0.056626565434314984
26 SIMPLE_RADIAL 1280 720 447.60621499186755 640 360 -0.059605012758356335
27 SIMPLE_RADIAL 1280 720 456.20230338489461 640 360 -0.060536063980759697
28 SIMPLE_RADIAL 1280 720 461.32106521378302 640 360 -0.060232997391012739
29 SIMPLE_RADIAL 1280 720 481.28383757537404 640 360 -0.064396014551633449
30 SIMPLE_RADIAL 1280 720 502.25559295944663 640 360 -0.06903543053523041
31 SIMPLE_RADIAL 1280 720 526.13305584721945 640 360 -0.075157935804163509
32 SIMPLE_RADIAL 1280 720 551.11896082461158 640 360 -0.081675074734755992
33 SIMPLE_RADIAL 1280 720 587.05253214696484 640 360 -0.09205032537814424
34 SIMPLE_RADIAL 1280 720 621.63714974111986 640 360 -0.10248562827960456
35 SIMPLE_RADIAL 1280 720 657.83396312396837 640 360 -0.11364659173626211
36 SIMPLE_RADIAL 1280 720 696.96466481743926 640 360 -0.1271152003795282
37 SIMPLE_RADIAL 1280 720 734.34057268719801 640 360 -0.14077447951977878
38 SIMPLE_RADIAL 1280 720 768.67063455018763 640 360 -0.15382486080640945
39 SIMPLE_RADIAL 1280 720 799.64700980217958 640 360 -0.16631982632443637
40 SIMPLE_RADIAL 1280 720 824.97237212911864 640 360 -0.17706175865102952
41 SIMPLE_RADIAL 1280 720 843.89198713978442 640 360 -0.18540569732851056
42 SIMPLE_RADIAL 1280 720 864.05049876600208 640 360 -0.19329440124223163
43 SIMPLE_RADIAL 1280 720 870.74914800538374 640 360 -0.19606402736675407
44 SIMPLE_RADIAL 1280 720 878.08513235085206 640 360 -0.20009631955101773
45 SIMPLE_RADIAL 1280 720 878.6611298142019 640 360 -0.20042090109164665
46 SIMPLE_RADIAL 1280 720 878.89409935991262 640 360 -0.20091502612627515
47 SIMPLE_RADIAL 1280 720 878.71431776619715 640 360 -0.20081271488729863
48 SIMPLE_RADIAL 1280 720 878.80084702764611 640 360 -0.20095443806811461
49 SIMPLE_RADIAL 1280 720 878.79236912703232 640 360 -0.20076184557867763
50 SIMPLE_RADIAL 1280 720 878.8726132861367 640 360 -0.20096293143245914
51 SIMPLE_RADIAL 1280 720 878.7994212718678 640 360 -0.20085522243901507
52 SIMPLE_RADIAL 1280 720 878.77757065363971 640 360 -0.20083984281800771
53 SIMPLE_RADIAL 1280 720 878.81646960005651 640 360 -0.20094286097176151
54 SIMPLE_RADIAL 1280 720 878.75286684225148 640 360 -0.20075833464694098
55 SIMPLE_RADIAL 1280 720 878.85621041671993 640 360 -0.20082170652912468
56 SIMPLE_RADIAL 1280 720 878.63538859167761 640 360 -0.2009567937824456
57 SIMPLE_RADIAL 1280 720 878.51771043914005 640 360 -0.20080750274801945
58 SIMPLE_RADIAL 1280 720 878.62916380441766 640 360 -0.20089363530986171
59 SIMPLE_RADIAL 1280 720 878.80413182871052 640 360 -0.20089632840653468
60 SIMPLE_RADIAL 1280 720 878.80871669265105 640 360 -0.20094111475761406
61 SIMPLE_RADIAL 1280 720 884.39037650423052 640 360 -0.20450089090712026
62 SIMPLE_RADIAL 1280 720 918.91097018226651 640 360 -0.22012214168810537
63 SIMPLE_RADIAL 1280 720 961.14279131445767 640 360 -0.2409559870067661
64 SIMPLE_RADIAL 1280 720 942.38310626257521 640 360 -0.23095807060204199
65 SIMPLE_RADIAL 1280 720 950.17126768184642 640 360 -0.2347281339846467
66 SIMPLE_RADIAL 1280 720 931.39989075509379 640 360 -0.22422632885643878
67 SIMPLE_RADIAL 1280 720 946.76817563904694 640 360 -0.23190472184118827
68 SIMPLE_RADIAL 1280 720 968.44127721533175 640 360 -0.24159740527364718
69 SIMPLE_RADIAL 1280 720 989.05925372451111 640 360 -0.25146773182836968
70 SIMPLE_RADIAL 1280 720 1005.3763571527013 640 360 -0.26310192609277072
71 SIMPLE_RADIAL 1280 720 1006.5135781014444 640 360 -0.27009589528799122
72 SIMPLE_RADIAL 1280 720 1009.5042247034844 640 360 -0.2713470406566002
73 SIMPLE_RADIAL 1280 720 1058.5980376481725 640 360 -0.29280161231656082
74 SIMPLE_RADIAL 1280 720 1071.6979323648968 640 360 -0.30007044220146056
75 SIMPLE_RADIAL 1280 720 1112.5223899553368 640 360 -0.32292476313223661
76 SIMPLE_RADIAL 1280 720 1127.9778106224517 640 360 -0.33264185420161468
77 SIMPLE_RADIAL 1280 720 1177.7042721935777 640 360 -0.3610658229413799
78 SIMPLE_RADIAL 1280 720 1196.8223697304074 640 360 -0.37278305980520637
79 SIMPLE_RADIAL 1280 720 1264.796858885552 640 360 -0.41774425790938063
80 SIMPLE_RADIAL 1280 720 1319.7860178984999 640 360 -0.45578970602326424
81 SIMPLE_RADIAL 1280 720 1408.6693020700675 640 360 -0.50865803533365106
82 SIMPLE_RADIAL 1280 720 1460.6517349713649 640 360 -0.55690872973564465
83 SIMPLE_RADIAL 1280 720 1436.3297334922186 640 360 -0.54865842945748178
84 SIMPLE_RADIAL 1280 720 1644.7389310932867 640 360 -0.70788521784564418
85 SIMPLE_RADIAL 1280 720 1769.0755435666699 640 360 -0.82261175507992723
86 SIMPLE_RADIAL 1280 720 1918.1017619957595 640 360 -0.97201329079150789
92 SIMPLE_RADIAL 1280 720 1460.9609807809388 640 360 -0.48811707454162212
93 SIMPLE_RADIAL 1280 720 1409.9946312212553 640 360 -0.45764826751736593
94 SIMPLE_RADIAL 1280 720 1367.2433263460919 640 360 -0.42944561615997723
95 SIMPLE_RADIAL 1280 720 1322.9892648367772 640 360 -0.4021975681177628
96 SIMPLE_RADIAL 1280 720 1284.4816367903318 640 360 -0.38185370914912814
97 SIMPLE_RADIAL 1280 720 1246.0042207020927 640 360 -0.35768346701945464
98 SIMPLE_RADIAL 1280 720 1213.4216704079931 640 360 -0.34257433798017078
99 SIMPLE_RADIAL 1280 720 1185.2816772613919 640 360 -0.33334040091507533
100 SIMPLE_RADIAL 1280 720 1152.2684472200854 640 360 -0.3035613977414654
101 SIMPLE_RADIAL 1280 720 1121.1904778560486 640 360 -0.29933907346587535
102 SIMPLE_RADIAL 1280 720 343.1250993881398 640 360 -0.030398974913034865
103 SIMPLE_RADIAL 1280 720 348.35833033001717 640 360 -0.032307371601825632
104 SIMPLE_RADIAL 1280 720 348.14924696443836 640 360 -0.033821360987525466
105 SIMPLE_RADIAL 1280 720 341.56802291525798 640 360 -0.034277463102147153
106 SIMPLE_RADIAL 1280 720 340.41904663973884 640 360 -0.034804492782847363
107 SIMPLE_RADIAL 1280 720 339.57839635236382 640 360 -0.03537502683421833
108 SIMPLE_RADIAL 1280 720 349.80610324540589 640 360 -0.037660965774111876
109 SIMPLE_RADIAL 1280 720 355.96301926993522 640 360 -0.040627893577547987
110 SIMPLE_RADIAL 1280 720 365.97556505097583 640 360 -0.043967269198451182
111 SIMPLE_RADIAL 1280 720 388.03113804114929 640 360 -0.048752514478113781
112 SIMPLE_RADIAL 1280 720 847.64879849403508 640 360 -0.19052864654920015
113 SIMPLE_RADIAL 1280 720 912.80264150618632 640 360 -0.23753728064483043
114 SIMPLE_RADIAL 1280 720 985.84808106218725 640 360 -0.24287607207348208
115 SIMPLE_RADIAL 1280 720 1102.1147363054324 640 360 -0.31813416743567152
116 SIMPLE_RADIAL 1280 720 1260.3646104287102 640 360 -0.41459781171692811
117 SIMPLE_RADIAL 1280 720 1417.5051702888384 640 360 -0.52827027984812391
118 SIMPLE_RADIAL 1280 720 1628.9953443488732 640 360 -0.69329477540267714
119 SIMPLE_RADIAL 1280 720 1851.1122259096321 640 360 -0.88818165076052225
120 SIMPLE_RADIAL 1280 720 1710.3468992806629 640 360 -0.71465253114160399
121 SIMPLE_RADIAL 1280 720 1607.3812204226724 640 360 -0.61529838334293563
122 SIMPLE_RADIAL 1280 720 1503.2073861861427 640 360 -0.54622859491783016
123 SIMPLE_RADIAL 1280 720 1417.8746803789229 640 360 -0.46990432237957891
124 SIMPLE_RADIAL 1280 720 1355.8952737713503 640 360 -0.42431235991470623
125 SIMPLE_RADIAL 1280 720 1295.7121859870617 640 360 -0.38420922761662624
126 SIMPLE_RADIAL 1280 720 1252.7543269665109 640 360 -0.36801151823926981
127 SIMPLE_RADIAL 1280 720 1211.9718567188863 640 360 -0.35010435145850999
128 SIMPLE_RADIAL 1280 720 1164.9417060721159 640 360 -0.31937025099369454
129 SIMPLE_RADIAL 1280 720 1132.8714385723085 640 360 -0.30918183383077819
130 SIMPLE_RADIAL 1280 720 1090.4910395281352 640 360 -0.30482616813041358
