# Camera list with one line of data per camera:
#   CAMERA_ID, MODEL, WIDTH, HEIGHT, PARAMS[]
# Number of cameras: 138
553 SIMPLE_RADIAL 1280 720 1237.382880139832 640 360 -0.3605515653788629
554 SIMPLE_RADIAL 1280 720 1227.2992426834751 640 360 -0.36333052479037431
555 SIMPLE_RADIAL 1280 720 1217.9794833784497 640 360 -0.36543945887482326
556 SIMPLE_RADIAL 1280 720 1210.4030585007365 640 360 -0.36856986695064547
557 SIMPLE_RADIAL 1280 720 1201.0273284628543 640 360 -0.36827634422770744
558 SIMPLE_RADIAL 1280 720 1192.5118084383701 640 360 -0.36882294244351221
559 SIMPLE_RADIAL 1280 720 1184.2773309897555 640 360 -0.36887158579453028
560 SIMPLE_RADIAL 1280 720 1176.401901251555 640 360 -0.3675773619687685
561 SIMPLE_RADIAL 1280 720 1167.6865984073333 640 360 -0.36440693586598283
562 SIMPLE_RADIAL 1280 720 1160.0983112740107 640 360 -0.36221052516040453
563 SIMPLE_RADIAL 1280 720 1157.3936660355953 640 360 -0.36255728557550698
564 SIMPLE_RADIAL 1280 720 1146.1314805528998 640 360 -0.35959418316890635
565 SIMPLE_RADIAL 1280 720 1139.432893774069 640 360 -0.35742426902845309
566 SIMPLE_RADIAL 1280 720 1133.779059679807 640 360 -0.35597877982994292
567 SIMPLE_RADIAL 1280 720 1127.9130802963834 640 360 -0.35379112406605134
568 SIMPLE_RADIAL 1280 720 1122.2793122601249 640 360 -0.35071569738926345
569 SIMPLE_RADIAL 1280 720 1117.5450970793686 640 360 -0.34851580789990738
570 SIMPLE_RADIAL 1280 720 1113.0324116728577 640 360 -0.34610234535480616
571 SIMPLE_RADIAL 1280 720 1109.1078891165328 640 360 -0.34488872353435618
572 SIMPLE_RADIAL 1280 720 1105.6223720050841 640 360 -0.34348501126990344
573 SIMPLE_RADIAL 1280 720 1102.9384187698918 640 360 -0.34291743785619955
574 SIMPLE_RADIAL 1280 720 1099.3101323650108 640 360 -0.34082330190695448
575 SIMPLE_RADIAL 1280 720 1096.3765709930867 640 360 -0.33958898123923914
576 SIMPLE_RADIAL 1280 720 1093.2807179290971 640 360 -0.33761845607914037
577 SIMPLE_RADIAL 1280 720 1090.896888333365 640 360 -0.33666536832307115
578 SIMPLE_RADIAL 1280 720 1088.8056064005275 640 360 -0.33528125648224444
579 SIMPLE_RADIAL 1280 720 1087.2655801288458 640 360 -0.33516782731412587
580 SIMPLE_RADIAL 1280 720 1085.8062706318262 640 360 -0.33460756247522178
581 SIMPLE_RADIAL 1280 720 1084.6684682545617 640 360 -0.33417833583849688
582 SIMPLE_RADIAL 1280 720 1083.7299627484856 640 360 -0.33394009552893589
583 SIMPLE_RADIAL 1280 720 1082.75025433161 640 360 -0.33300348007803987
584 SIMPLE_RADIAL 1280 720 1082.2440156112436 640 360 -0.33299488358589402
585 SIMPLE_RADIAL 1280 720 1081.8715196933194 640 360 -0.33303416061887375
586 SIMPLE_RADIAL 1280 720 1081.804490684216 640 360 -0.3329823037704624
587 SIMPLE_RADIAL 1280 720 1081.6511048797181 640 360 -0.3329315405345592
588 SIMPLE_RADIAL 1280 720 1081.7345979067964 640 360 -0.33308933260230478
589 SIMPLE_RADIAL 1280 720 1080.9837555304898 640 360 -0.33207379620427413
590 SIMPLE_RADIAL 1280 720 1081.9004948894039 640 360 -0.33296637630474712
591 SIMPLE_RADIAL 1280 720 1081.3480088956887 640 360 -0.33244586269076448
592 SIMPLE_RADIAL 1280 720 1082.0975430142664 640 360 -0.33353819484382374
593 SIMPLE_RADIAL 1280 720 1082.7632121841755 640 360 -0.33452971530279857
594 SIMPLE_RADIAL 1280 720 1081.9010945094626 640 360 -0.33305799696832566
595 SIMPLE_RADIAL 1280 720 1082.1736828084472 640 360 -0.33354532883629956
596 SIMPLE_RADIAL 1280 720 1082.0574132524732 640 360 -0.33337178910774062
597 SIMPLE_RADIAL 1280 720 1081.9743589576119 640 360 -0.33334712491989293
598 SIMPLE_RADIAL 1280 720 1082.0470742731402 640 360 -0.33341034570851463
599 SIMPLE_RADIAL 1280 720 1081.9425846845031 640 360 -0.3333624330450643
600 SIMPLE_RADIAL 1280 720 1082.0740825410321 640 360 -0.33347365756818897
601 SIMPLE_RADIAL 1280 720 1082.2841800732431 640 360 -0.33384668861571881
602 SIMPLE_RADIAL 1280 720 1082.0257211068117 640 360 -0.33346957638227698
603 SIMPLE_RADIAL 1280 720 1082.0875503223056 640 360 -0.33358014308953315
604 SIMPLE_RADIAL 1280 720 1082.0340683857376 640 360 -0.33341363078827319
605 SIMPLE_RADIAL 1280 720 1082.1086600544797 640 360 -0.33356778645078256
606 SIMPLE_RADIAL 1280 720 1081.1901742962893 640 360 -0.33346593220775039
607 SIMPLE_RADIAL 1280 720 1080.4889597891301 640 360 -0.33298204951389743
608 SIMPLE_RADIAL 1280 720 1079.1380841503958 640 360 -0.33186105489099993
609 SIMPLE_RADIAL 1280 720 1077.6256523038767 640 360 -0.33074834917607071
610 SIMPLE_RADIAL 1280 720 1076.3030245589348 640 360 -0.32982235673674731
611 SIMPLE_RADIAL 1280 720 1074.6629905368475 640 360 -0.32899194071339261
612 SIMPLE_RADIAL 1280 720 1072.7994074393077 640 360 -0.32839108827425634
613 SIMPLE_RADIAL 1280 720 1070.4470928816197 640 360 -0.32773569686910253
614 SIMPLE_RADIAL 1280 720 1068.2193625755322 640 360 -0.32719055138258163
615 SIMPLE_RADIAL 1280 720 1065.5909389393789 640 360 -0.32553456845776813
616 SIMPLE_RADIAL 1280 720 1062.9696375422163 640 360 -0.32410600971819825
617 SIMPLE_RADIAL 1280 720 1061.0757037717453 640 360 -0.3222615683603518
618 SIMPLE_RADIAL 1280 720 1056.3386628956098 640 360 -0.31922584956007505
619 SIMPLE_RADIAL 1280 720 1054.6433588343616 640 360 -0.31836647810861451
620 SIMPLE_RADIAL 1280 720 1049.8813838696167 640 360 -0.316389466703549
621 SIMPLE_RADIAL 1280 720 1048.2244293738952 640 360 -0.31579433841548232
622 SIMPLE_RADIAL 1280 720 1041.2942679949535 640 360 -0.31097219513906393
623 SIMPLE_RADIAL 1280 720 1038.870688862457 640 360 -0.30936482010362637
624 SIMPLE_RADIAL 1280 720 1031.5855347585129 640 360 -0.3054326485831208
625 SIMPLE_RADIAL 1280 720 1026.6634955725724 640 360 -0.30267312858252499
626 SIMPLE_RADIAL 1280 720 1021.1567982695055 640 360 -0.29973750450267655
627 SIMPLE_RADIAL 1280 720 1013.6460629397828 640 360 -0.2947776645382732
628 SIMPLE_RADIAL 1280 720 1007.7901071171253 640 360 -0.29184127325895581
629 SIMPLE_RADIAL 1280 720 999.22042752512471 640 360 -0.28628524392756088
630 SIMPLE_RADIAL 1280 720 992.03147712595251 640 360 -0.28218610629900254
631 SIMPLE_RADIAL 1280 720 984.50251258832168 640 360 -0.27716117897299358
632 SIMPLE_RADIAL 1280 720 977.6464070103118 640 360 -0.27364120054289914
633 SIMPLE_RADIAL 1280 720 969.3114480707543 640 360 -0.26896427295631847
634 SIMPLE_RADIAL 1280 720 961.43231071413743 640 360 -0.26465140761355049
635 SIMPLE_RADIAL 1280 720 952.58707524221552 640 360 -0.2580471856109352
636 SIMPLE_RADIAL 1280 720 941.44330565429254 640 360 -0.25249126847266629
637 SIMPLE_RADIAL 1280 720 930.7753839398116 640 360 -0.24654006778605886
638 SIMPLE_RADIAL 1280 720 921.89229534033848 640 360 -0.24306479545940768
639 SIMPLE_RADIAL 1280 720 912.9386881524099 640 360 -0.23721373989225797
640 SIMPLE_RADIAL 1280 720 902.37673849552107 640 360 -0.23095617543534241
641 SIMPLE_RADIAL 1280 720 893.48113578838957 640 360 -0.22514765897599809
642 SIMPLE_RADIAL 1280 720 883.65942207582043 640 360 -0.21895061211680744
643 SIMPLE_RADIAL 1280 720 876.52440946941329 640 360 -0.21499883887394489
644 SIMPLE_RADIAL 1280 720 870.42668950849304 640 360 -0.21218710868497659
645 SIMPLE_RADIAL 1280 720 863.08728561508883 640 360 -0.20654579399322415
646 SIMPLE_RADIAL 1280 720 856.8766140119277 640 360 -0.20413330517410086
647 SIMPLE_RADIAL 1280 720 1135.063747244825 640 360 -0.3500244120783304
648 SIMPLE_RADIAL 1280 720 1121.2429261087066 640 360 -0.34990103037004922
649 SIMPLE_RADIAL 1280 720 1103.8071474749045 640 360 -0.34251942046862283
650 SIMPLE_RADIAL 1280 720 1087.5297531074091 640 360 -0.33530651639433107
651 SIMPLE_RADIAL 1280 720 1069.1024525852742 640 360 -0.32444661125259294
652 SIMPLE_RADIAL 1280 720 1054.1659006418206 640 360 -0.31570258216971087
653 SIMPLE_RADIAL 1280 720 1038.4456759181467 640 360 -0.30765672809201844
654 SIMPLE_RADIAL 1280 720 1022.6598618611355 640 360 -0.29879841328335921
655 SIMPLE_RADIAL 1280 720 1008.0268358522468 640 360 -0.28971956478707478
656 SIMPLE_RADIAL 1280 720 994.10893781979553 640 360 -0.28154108383306364
657 SIMPLE_RADIAL 1280 720 980.62597499932747 640 360 -0.27175927720041393
658 SIMPLE_RADIAL 1280 720 971.98638225281388 640 360 -0.26785075335347991
659 SIMPLE_RADIAL 1280 720 958.59477819224821 640 360 -0.26149406943962267
660 SIMPLE_RADIAL 1280 720 943.14134205108974 640 360 -0.25297424072097296
661 SIMPLE_RADIAL 1280 720 928.71211283535581 640 360 -0.244721920006569
662 SIMPLE_RADIAL 1280 720 914.66063157582096 640 360 -0.23788401961614425
663 SIMPLE_RADIAL 1280 720 905.47436256785466 640 360 -0.23256215168072461
664 SIMPLE_RADIAL 1280 720 893.89288634769889 640 360 -0.22548004434317573
665 SIMPLE_RADIAL 1280 720 882.86378070659941 640 360 -0.21969178385045476
666 SIMPLE_RADIAL 1280 720 873.6522938859182 640 360 -0.21438218940786871
667 SIMPLE_RADIAL 1280 720 865.40345953917335 640 360 -0.20977412939507811
668 SIMPLE_RADIAL 1280 720 854.33106892075489 640 360 -0.20290466930764478
669 SIMPLE_RADIAL 1280 720 1149.8035608149225 640 360 -0.3529453121318355
670 SIMPLE_RADIAL 1280 720 1132.452584716232 640 360 -0.34959148887946401
671 SIMPLE_RADIAL 1280 720 1110.4152178911106 640 360 -0.3402519834101973
672 SIMPLE_RADIAL 1280 720 1094.5804574372519 640 360 -0.33608846488125532
673 SIMPLE_RADIAL 1280 720 1068.2482949186497 640 360 -0.32624740940300301
674 SIMPLE_RADIAL 1280 720 1079.0950390909795 640 360 -0.32336188821921164
675 SIMPLE_RADIAL 1280 720 1031.2587878347722 640 360 -0.30344502002156004
676 SIMPLE_RADIAL 1280 720 1019.688379984398 640 360 -0.2989730914313698
677 SIMPLE_RADIAL 1280 720 1006.7476256515465 640 360 -0.29140881748662162
678 SIMPLE_RADIAL 1280 720 992.73673659412748 640 360 -0.28411431454421654
679 SIMPLE_RADIAL 1280 720 982.3645987914191 640 360 -0.27760161592863003
680 SIMPLE_RADIAL 1280 720 968.96531256480955 640 360 -0.26940706005792131
681 SIMPLE_RADIAL 1280 720 957.84455417165395 640 360 -0.26423316842356509
682 SIMPLE_RADIAL 1280 720 941.83006399047918 640 360 -0.25435759654679974
683 SIMPLE_RADIAL 1280 720 927.75445011983311 640 360 -0.24739181731213444
684 SIMPLE_RADIAL 1280 720 916.37705441968626 640 360 -0.23975108188741481
685 SIMPLE_RADIAL 1280 720 902.72798086947103 640 360 -0.23112658010642886
686 SIMPLE_RADIAL 1280 720 892.11140578514858 640 360 -0.22365040256784305
687 SIMPLE_RADIAL 1280 720 883.50486054447754 640 360 -0.21899856506465501
688 SIMPLE_RADIAL 1280 720 870.69615613276687 640 360 -0.21004212145200049
689 SIMPLE_RADIAL 1280 720 862.63425983452555 640 360 -0.2063574307271874
690 SIMPLE_RADIAL 1280 720 846.71074609987022 640 360 -0.2036639770736221
