# Camera list with one line of data per camera:
#   CAMERA_ID, MODEL, WIDTH, HEIGHT, PARAMS[]
# Number of cameras: 190
203 SIMPLE_RADIAL 1280 720 1836.5021121252944 640 360 -0.96945130440160221
204 SIMPLE_RADIAL 1280 720 1801.0323660206047 640 360 -0.93291026658342824
205 SIMPLE_RADIAL 1280 720 1723.0783043844588 640 360 -0.85864703436256817
206 SIMPLE_RADIAL 1280 720 1680.0879867249791 640 360 -0.81816046622958882
207 SIMPLE_RADIAL 1280 720 1635.7630326818037 640 360 -0.78235586344849228
208 SIMPLE_RADIAL 1280 720 1617.4349637435548 640 360 -0.75778403955579787
209 SIMPLE_RADIAL 1280 720 1553.4919681908916 640 360 -0.70322083086294018
210 SIMPLE_RADIAL 1280 720 1515.0742743767696 640 360 -0.67505901484194486
211 SIMPLE_RADIAL 1280 720 1478.1048918551849 640 360 -0.64330067364350396
212 SIMPLE_RADIAL 1280 720 1441.3537396522058 640 360 -0.61079146727320044
213 SIMPLE_RADIAL 1280 720 1410.3529129544954 640 360 -0.58174378393197002
214 SIMPLE_RADIAL 1280 720 1375.4096966143052 640 360 -0.55543719039950357
215 SIMPLE_RADIAL 1280 720 1363.1791831613259 640 360 -0.54111436066643126
216 SIMPLE_RADIAL 1280 720 1325.8609716360706 640 360 -0.51366419256519968
217 SIMPLE_RADIAL 1280 720 1292.2790437919493 640 360 -0.48886872206802151
218 SIMPLE_RADIAL 1280 720 1258.0423809823797 640 360 -0.46140537006107041
219 SIMPLE_RADIAL 1280 720 1249.4234663821087 640 360 -0.45264212297475198
220 SIMPLE_RADIAL 1280 720 1216.8463470133559 640 360 -0.42772378327829996
221 SIMPLE_RADIAL 1280 720 1180.4259228974888 640 360 -0.40133099270889921
222 SIMPLE_RADIAL 1280 720 1147.8769454173898 640 360 -0.3764074366770927
223 SIMPLE_RADIAL 1280 720 1130.2126167394272 640 360 -0.36499886348728799
224 SIMPLE_RADIAL 1280 720 1107.2778405687411 640 360 -0.34528756158151019
225 SIMPLE_RADIAL 1280 720 1753.3301627495946 640 360 -0.90730470477024883
226 SIMPLE_RADIAL 1280 720 1726.8810854165683 640 360 -0.88031463031198154
227 SIMPLE_RADIAL 1280 720 1709.9673069066855 640 360 -0.87267828885475607
228 SIMPLE_RADIAL 1280 720 1691.5831816826756 640 360 -0.85444045794475265
229 SIMPLE_RADIAL 1280 720 1671.0595508955898 640 360 -0.83458610206822126
230 SIMPLE_RADIAL 1280 720 1655.2160586952766 640 360 -0.82697475946086385
231 SIMPLE_RADIAL 1280 720 1640.1767999594492 640 360 -0.81238242358284696
232 SIMPLE_RADIAL 1280 720 1623.5166310765903 640 360 -0.80132101848420034
233 SIMPLE_RADIAL 1280 720 1608.2004233365092 640 360 -0.79044501869260708
234 SIMPLE_RADIAL 1280 720 1592.4259607110669 640 360 -0.77788795587676018
235 SIMPLE_RADIAL 1280 720 1577.7129876017386 640 360 -0.75578110097615436
236 SIMPLE_RADIAL 1280 720 1558.0836149043291 640 360 -0.73523883761192865
237 SIMPLE_RADIAL 1280 720 1545.8070943714276 640 360 -0.71846384254308271
238 SIMPLE_RADIAL 1280 720 1529.004776590996 640 360 -0.69372269501790507
239 SIMPLE_RADIAL 1280 720 1531.0184026707345 640 360 -0.70378916365900734
240 SIMPLE_RADIAL 1280 720 1509.8514318314196 640 360 -0.67317799585088856
241 SIMPLE_RADIAL 1280 720 1497.03135337599 640 360 -0.65862425809852732
242 SIMPLE_RADIAL 1280 720 1487.0877240149257 640 360 -0.65474455982568647
243 SIMPLE_RADIAL 1280 720 1472.2164714176863 640 360 -0.63664375723561506
244 SIMPLE_RADIAL 1280 720 1448.9426293992574 640 360 -0.5876819859695247
245 SIMPLE_RADIAL 1280 720 1434.056330452072 640 360 -0.6002400649454297
246 SIMPLE_RADIAL 1280 720 1418.2843958893163 640 360 -0.57025131691913067
247 SIMPLE_RADIAL 1280 720 1399.0492381872648 640 360 -0.55100082027533892
248 SIMPLE_RADIAL 1280 720 1385.4037582677975 640 360 -0.53602656290367734
249 SIMPLE_RADIAL 1280 720 1377.9262732536467 640 360 -0.53532051428178939
250 SIMPLE_RADIAL 1280 720 1358.3402393034246 640 360 -0.52820170247642473
251 SIMPLE_RADIAL 1280 720 1352.5113433312074 640 360 -0.52709655505428954
252 SIMPLE_RADIAL 1280 720 1334.5378058973427 640 360 -0.51861694252061519
253 SIMPLE_RADIAL 1280 720 1325.7816973786798 640 360 -0.510541578699508
254 SIMPLE_RADIAL 1280 720 1316.3977827798115 640 360 -0.50719885379790119
255 SIMPLE_RADIAL 1280 720 1302.2660627721823 640 360 -0.4968848907635281
256 SIMPLE_RADIAL 1280 720 1291.1265014891767 640 360 -0.48218134940995172
257 SIMPLE_RADIAL 1280 720 1274.7502289472352 640 360 -0.47125135735179169
258 SIMPLE_RADIAL 1280 720 1264.8702932210249 640 360 -0.46728381133597385
259 SIMPLE_RADIAL 1280 720 1253.9183503656195 640 360 -0.46038774168475544
260 SIMPLE_RADIAL 1280 720 1241.8339220028715 640 360 -0.45205318607041589
261 SIMPLE_RADIAL 1280 720 1235.6383098107674 640 360 -0.45417061734684611
262 SIMPLE_RADIAL 1280 720 1221.5065704329988 640 360 -0.4355373883462178
263 SIMPLE_RADIAL 1280 720 1207.9993428909734 640 360 -0.42171027510166609
264 SIMPLE_RADIAL 1280 720 1194.9011604698721 640 360 -0.41333712105473175
265 SIMPLE_RADIAL 1280 720 1183.7210362695432 640 360 -0.40797578175187316
266 SIMPLE_RADIAL 1280 720 1175.1317423691555 640 360 -0.39759049835675592
267 SIMPLE_RADIAL 1280 720 1164.7279060615692 640 360 -0.38998015383529633
268 SIMPLE_RADIAL 1280 720 1153.2343728550666 640 360 -0.38156888103692582
269 SIMPLE_RADIAL 1280 720 1144.5445125924136 640 360 -0.37317586956275245
270 SIMPLE_RADIAL 1280 720 1135.3669907858168 640 360 -0.36472770043800889
271 SIMPLE_RADIAL 1280 720 1123.4330474405685 640 360 -0.35570902755452094
272 SIMPLE_RADIAL 1280 720 1113.6974680142321 640 360 -0.34988736460736225
273 SIMPLE_RADIAL 1280 720 1107.8400532591913 640 360 -0.34517085476721604
274 SIMPLE_RADIAL 1280 720 1104.5178296235124 640 360 -0.34424007981668825
275 SIMPLE_RADIAL 1280 720 1097.3336550183553 640 360 -0.34219077499629857
276 SIMPLE_RADIAL 1280 720 1092.8368682554037 640 360 -0.34056860902702113
277 SIMPLE_RADIAL 1280 720 1083.1001310292013 640 360 -0.33314396628878412
278 SIMPLE_RADIAL 1280 720 1078.425090557517 640 360 -0.33160412948597656
279 SIMPLE_RADIAL 1280 720 1073.521838426627 640 360 -0.32299936866002577
280 SIMPLE_RADIAL 1280 720 1061.0423059379884 640 360 -0.31254875817881872
281 SIMPLE_RADIAL 1280 720 1063.3214465886235 640 360 -0.32162208878440263
282 SIMPLE_RADIAL 1280 720 1065.5432032527201 640 360 -0.32163794799882467
283 SIMPLE_RADIAL 1280 720 1057.2166248519929 640 360 -0.31909543531998197
284 SIMPLE_RADIAL 1280 720 1054.654178229493 640 360 -0.31284648001795812
285 SIMPLE_RADIAL 1280 720 1057.7116293920021 640 360 -0.31365033243913121
286 SIMPLE_RADIAL 1280 720 1043.1206094399238 640 360 -0.29970320563695374
287 SIMPLE_RADIAL 1280 720 1734.7538492267965 640 360 -0.86635648164086554
288 SIMPLE_RADIAL 1280 720 1681.0329158464365 640 360 -0.82409765482716135
289 SIMPLE_RADIAL 1280 720 1637.1634597580066 640 360 -0.78793024347568863
290 SIMPLE_RADIAL 1280 720 1588.1207562468007 640 360 -0.73932791862958225
291 SIMPLE_RADIAL 1280 720 1542.4961486061834 640 360 -0.70137757863731309
292 SIMPLE_RADIAL 1280 720 1495.9286771493244 640 360 -0.66315758194604613
293 SIMPLE_RADIAL 1280 720 1462.312485292922 640 360 -0.63865115293174879
294 SIMPLE_RADIAL 1280 720 1717.5891458928772 640 360 -0.86914386911273456
295 SIMPLE_RADIAL 1280 720 1665.4404889176108 640 360 -0.82225544406487683
296 SIMPLE_RADIAL 1280 720 1622.7178020399397 640 360 -0.7766975474911717
297 SIMPLE_RADIAL 1280 720 1577.1416009194975 640 360 -0.73033705822655803
298 SIMPLE_RADIAL 1280 720 1529.2829606840642 640 360 -0.69386844701256312
299 SIMPLE_RADIAL 1280 720 1481.2288610492062 640 360 -0.64539179688386761
300 SIMPLE_RADIAL 1280 720 1450.2612398101783 640 360 -0.62507673278293008
301 SIMPLE_RADIAL 1280 720 1416.6468994108454 640 360 -0.59689914871305327
302 SIMPLE_RADIAL 1280 720 1384.6925348097232 640 360 -0.56255983885821548
303 SIMPLE_RADIAL 1280 720 1333.5435776458201 640 360 -0.51841733611215846
304 SIMPLE_RADIAL 1280 720 1314.0832129752296 640 360 -0.51262249410632332
305 SIMPLE_RADIAL 1280 720 1281.3294051826429 640 360 -0.47425687006303163
306 SIMPLE_RADIAL 1280 720 1276.8613703689823 640 360 -0.47923341594343566
307 SIMPLE_RADIAL 1280 720 1234.0526080410114 640 360 -0.44168376771299805
308 SIMPLE_RADIAL 1280 720 1204.2285591808659 640 360 -0.41665038257513642
309 SIMPLE_RADIAL 1280 720 1186.5725171505696 640 360 -0.40313036858082374
310 SIMPLE_RADIAL 1280 720 1163.9107553494416 640 360 -0.38823881355740425
311 SIMPLE_RADIAL 1280 720 1137.5036927979111 640 360 -0.36863062194064028
312 SIMPLE_RADIAL 1280 720 1115.2187608229096 640 360 -0.35229343675612768
313 SIMPLE_RADIAL 1280 720 1087.82995248063 640 360 -0.33055254322279765
314 SIMPLE_RADIAL 1280 720 1335.9637973386739 640 360 -0.52088355528647867
315 SIMPLE_RADIAL 1280 720 1100.5986505234634 640 360 -0.34435743199814156
316 SIMPLE_RADIAL 1280 720 1692.4737844697049 640 360 -0.83561813042309874
317 SIMPLE_RADIAL 1280 720 1674.6770915166537 640 360 -0.82277510184308145
318 SIMPLE_RADIAL 1280 720 1658.870654343267 640 360 -0.80781182453494504
319 SIMPLE_RADIAL 1280 720 1642.9285254357083 640 360 -0.79398379792379692
320 SIMPLE_RADIAL 1280 720 1625.111271173562 640 360 -0.78363418435269794
321 SIMPLE_RADIAL 1280 720 1611.5492921689822 640 360 -0.77523803807945224
322 SIMPLE_RADIAL 1280 720 1600.6085990818576 640 360 -0.76792909169398416
323 SIMPLE_RADIAL 1280 720 1579.91883852662 640 360 -0.75700680056834158
324 SIMPLE_RADIAL 1280 720 1570.1389702576325 640 360 -0.74580861277365851
325 SIMPLE_RADIAL 1280 720 1558.0070309222274 640 360 -0.72400536355300094
326 SIMPLE_RADIAL 1280 720 1540.2539087301257 640 360 -0.71472821378538776
327 SIMPLE_RADIAL 1280 720 1516.293684425591 640 360 -0.68130776161616535
328 SIMPLE_RADIAL 1280 720 1519.9854631280182 640 360 -0.69070739226183742
329 SIMPLE_RADIAL 1280 720 1509.8858591600965 640 360 -0.69464185051628702
330 SIMPLE_RADIAL 1280 720 1504.1064318591359 640 360 -0.68481404235504717
331 SIMPLE_RADIAL 1280 720 1501.7384795605553 640 360 -0.70636724190520706
332 SIMPLE_RADIAL 1280 720 1484.1615040372562 640 360 -0.6715939885302642
333 SIMPLE_RADIAL 1280 720 1468.6492948612172 640 360 -0.66309048539707771
334 SIMPLE_RADIAL 1280 720 1457.5635305257049 640 360 -0.63343208436313803
335 SIMPLE_RADIAL 1280 720 1441.0228201935533 640 360 -0.64491230661276533
336 SIMPLE_RADIAL 1280 720 1422.4806990194779 640 360 -0.59849630606152426
337 SIMPLE_RADIAL 1280 720 1407.3510554479128 640 360 -0.58533939127781875
338 SIMPLE_RADIAL 1280 720 1375.1499032384068 640 360 -0.5272692366258428
339 SIMPLE_RADIAL 1280 720 1390.6143667148042 640 360 -0.57526185183098177
340 SIMPLE_RADIAL 1280 720 1373.0160797292176 640 360 -0.55775867497437881
341 SIMPLE_RADIAL 1280 720 1353.575412386218 640 360 -0.54280640970036254
342 SIMPLE_RADIAL 1280 720 1352.7939777851971 640 360 -0.53591067949630367
343 SIMPLE_RADIAL 1280 720 1335.124065148007 640 360 -0.5237380725845453
344 SIMPLE_RADIAL 1280 720 1335.8967331922117 640 360 -0.53977719100519439
345 SIMPLE_RADIAL 1280 720 1319.3869567315949 640 360 -0.51979850654318305
346 SIMPLE_RADIAL 1280 720 1312.8132373239655 640 360 -0.5193131208486067
347 SIMPLE_RADIAL 1280 720 1296.3519156972766 640 360 -0.49692770464311264
348 SIMPLE_RADIAL 1280 720 1293.5561551778633 640 360 -0.50145953574153623
349 SIMPLE_RADIAL 1280 720 1279.5951194504853 640 360 -0.48007555935170987
350 SIMPLE_RADIAL 1280 720 1278.8928715559694 640 360 -0.47300024404903335
351 SIMPLE_RADIAL 1280 720 1266.3783253232532 640 360 -0.46065547211957414
352 SIMPLE_RADIAL 1280 720 1264.6461217732176 640 360 -0.45666090826027217
353 SIMPLE_RADIAL 1280 720 1254.2549097042031 640 360 -0.43997851583849384
354 SIMPLE_RADIAL 1280 720 1248.383245898905 640 360 -0.43748966775275183
355 SIMPLE_RADIAL 1280 720 1244.3670581347924 640 360 -0.4441587808374115
356 SIMPLE_RADIAL 1280 720 1232.6791859626371 640 360 -0.42116151974894189
357 SIMPLE_RADIAL 1280 720 1228.6548657995893 640 360 -0.42910818743552037
358 SIMPLE_RADIAL 1280 720 1206.8049059483324 640 360 -0.40127734259675024
359 SIMPLE_RADIAL 1280 720 1199.7112585580976 640 360 -0.3965913261312124
360 SIMPLE_RADIAL 1280 720 1190.3778046392376 640 360 -0.39696886875237486
361 SIMPLE_RADIAL 1280 720 1186.7212522763816 640 360 -0.40099925179834145
362 SIMPLE_RADIAL 1280 720 1181.4668239642574 640 360 -0.39617281401946014
363 SIMPLE_RADIAL 1280 720 1169.5263178524363 640 360 -0.38433009037501714
364 SIMPLE_RADIAL 1280 720 1152.645657953241 640 360 -0.37019508795561501
365 SIMPLE_RADIAL 1280 720 1151.1726531573941 640 360 -0.37730668225024572
366 SIMPLE_RADIAL 1280 720 1136.4684432668021 640 360 -0.36516259840673754
367 SIMPLE_RADIAL 1280 720 1121.9996928013802 640 360 -0.35522454551473248
368 SIMPLE_RADIAL 1280 720 1111.6326129554157 640 360 -0.34515099707657543
369 SIMPLE_RADIAL 1280 720 1106.9911638354204 640 360 -0.34381791117580052
370 SIMPLE_RADIAL 1280 720 1100.1671698805751 640 360 -0.34473920865300034
371 SIMPLE_RADIAL 1280 720 1097.4446360498989 640 360 -0.34257230727715987
372 SIMPLE_RADIAL 1280 720 1092.1693525547473 640 360 -0.33906949850036511
373 SIMPLE_RADIAL 1280 720 1081.2086261492996 640 360 -0.33290357617026911
374 SIMPLE_RADIAL 1280 720 1080.1041820298426 640 360 -0.33217431727681246
375 SIMPLE_RADIAL 1280 720 1069.9371505410106 640 360 -0.3231781960205472
376 SIMPLE_RADIAL 1280 720 1066.7111256409 640 360 -0.32575973261098112
377 SIMPLE_RADIAL 1280 720 1063.7684406122871 640 360 -0.32438615312709068
378 SIMPLE_RADIAL 1280 720 1054.0822411616552 640 360 -0.31555463852375726
379 SIMPLE_RADIAL 1280 720 1044.3709458164258 640 360 -0.30981985463437328
380 SIMPLE_RADIAL 1280 720 1044.9527487205107 640 360 -0.31098915108108216
381 SIMPLE_RADIAL 1280 720 1034.7774933989413 640 360 -0.3034814869988785
382 SIMPLE_RADIAL 1280 720 1032.0525128930176 640 360 -0.3019363982062187
383 SIMPLE_RADIAL 1280 720 1029.5292578472474 640 360 -0.3005723973457764
384 SIMPLE_RADIAL 1280 720 1021.0790439122635 640 360 -0.29517805322281326
385 SIMPLE_RADIAL 1280 720 1036.1410202069769 640 360 -0.30810913189661115
386 SIMPLE_RADIAL 1280 720 1061.3828106337519 640 360 -0.3281165767786503
387 SIMPLE_RADIAL 1280 720 1094.9227069353663 640 360 -0.34917921052701884
388 SIMPLE_RADIAL 1280 720 1175.4206682320255 640 360 -0.40304219237217487
389 SIMPLE_RADIAL 1280 720 1216.9211540513797 640 360 -0.4289727722074469
390 SIMPLE_RADIAL 1280 720 1058.4946365503783 640 360 -0.32480122926769606
391 SIMPLE_RADIAL 1280 720 1019.9155706966708 640 360 -0.30203150379181798
392 SIMPLE_RADIAL 1280 720 985.26658528293149 640 360 -0.28184445745449688
